,date,n_sick,calls,n_duty,n_sby,sby_need,drafted
0,4/1/2016,73,8154,1700,90,4,0
1,4/2/2016,64,8526,1700,90,70,0
2,4/3/2016,68,8088,1700,90,0,0
3,4/4/2016,71,7044,1700,90,0,0
4,4/5/2016,63,7236,1700,90,0,0
5,4/6/2016,70,6492,1700,90,0,0
6,4/7/2016,64,6204,1700,90,0,0
7,4/8/2016,62,7614,1700,90,0,0
8,4/9/2016,51,5706,1700,90,0,0
9,4/10/2016,54,6606,1700,90,0,0
10,4/11/2016,50,6822,1700,90,0,0
11,4/12/2016,49,6060,1700,90,0,0
12,4/13/2016,53,5964,1700,90,0,0
13,4/14/2016,52,5928,1700,90,0,0
14,4/15/2016,63,7608,1700,90,0,0
15,4/16/2016,55,6768,1700,90,0,0
16,4/17/2016,51,7242,1700,90,0,0
17,4/18/2016,59,6768,1700,90,0,0
18,4/19/2016,57,8676,1700,90,93,3
19,4/20/2016,53,6270,1700,90,0,0
20,4/21/2016,63,7818,1700,90,0,0
21,4/22/2016,68,5712,1700,90,0,0
22,4/23/2016,62,5166,1700,90,0,0
23,4/24/2016,71,4884,1700,90,0,0
24,4/25/2016,72,5880,1700,90,0,0
25,4/26/2016,65,6576,1700,90,0,0
26,4/27/2016,62,7620,1700,90,0,0
27,4/28/2016,66,6870,1700,90,0,0
28,4/29/2016,64,7554,1700,90,0,0
29,4/30/2016,65,5424,1700,90,0,0
30,5/1/2016,54,8400,1700,90,34,0
31,5/2/2016,63,7782,1700,90,0,0
32,5/3/2016,61,7716,1700,90,0,0
33,5/4/2016,58,8340,1700,90,26,0
34,5/5/2016,57,8064,1700,90,0,0
35,5/6/2016,59,7404,1700,90,0,0
36,5/7/2016,57,8868,1700,90,131,41
37,5/8/2016,61,6504,1700,90,0,0
38,5/9/2016,65,7788,1700,90,0,0
39,5/10/2016,68,6978,1700,90,0,0
40,5/11/2016,61,7512,1700,90,0,0
41,5/12/2016,55,7434,1700,90,0,0
42,5/13/2016,56,8370,1700,90,30,0
43,5/14/2016,50,8136,1700,90,0,0
44,5/15/2016,57,7674,1700,90,0,0
45,5/16/2016,52,9048,1700,90,162,72
46,5/17/2016,53,8550,1700,90,63,0
47,5/18/2016,52,8184,1700,90,0,0
48,5/19/2016,51,8352,1700,90,22,0
49,5/20/2016,57,5790,1700,90,0,0
50,5/21/2016,56,8382,1700,90,33,0
51,5/22/2016,58,6516,1700,90,0,0
52,5/23/2016,57,7824,1700,90,0,0
53,5/24/2016,55,6312,1700,90,0,0
54,5/25/2016,49,8196,1700,90,0,0
55,5/26/2016,46,8124,1700,90,0,0
56,5/27/2016,50,6084,1700,90,0,0
57,5/28/2016,50,6174,1700,90,0,0
58,5/29/2016,52,6984,1700,90,0,0
59,5/30/2016,59,8670,1700,90,93,3
60,5/31/2016,59,8004,1700,90,0,0
61,6/1/2016,64,7656,1700,90,0,0
62,6/2/2016,63,8298,1700,90,23,0
63,6/3/2016,69,8922,1700,90,154,64
64,6/4/2016,67,9426,1700,90,253,163
65,6/5/2016,61,8514,1700,90,64,0
66,6/6/2016,62,9426,1700,90,248,158
67,6/7/2016,53,9414,1700,90,236,146
68,6/8/2016,50,7260,1700,90,0,0
69,6/9/2016,48,6762,1700,90,0,0
70,6/10/2016,53,7230,1700,90,0,0
71,6/11/2016,51,7710,1700,90,0,0
72,6/12/2016,59,6462,1700,90,0,0
73,6/13/2016,66,8790,1700,90,124,34
74,6/14/2016,58,8160,1700,90,0,0
75,6/15/2016,53,8538,1700,90,61,0
76,6/16/2016,55,8094,1700,90,0,0
77,6/17/2016,54,6918,1700,90,0,0
78,6/18/2016,54,6894,1700,90,0,0
79,6/19/2016,56,6840,1700,90,0,0
80,6/20/2016,57,8562,1700,90,70,0
81,6/21/2016,60,8754,1700,90,111,21
82,6/22/2016,61,8058,1700,90,0,0
83,6/23/2016,60,8316,1700,90,24,0
84,6/24/2016,53,5916,1700,90,0,0
85,6/25/2016,45,7272,1700,90,0,0
86,6/26/2016,48,7794,1700,90,0,0
87,6/27/2016,50,8964,1700,90,143,53
88,6/28/2016,44,7788,1700,90,0,0
89,6/29/2016,44,6600,1700,90,0,0
90,6/30/2016,48,6708,1700,90,0,0
91,7/1/2016,41,8742,1700,90,90,0
92,7/2/2016,40,7116,1700,90,0,0
93,7/3/2016,46,8376,1700,90,22,0
94,7/4/2016,50,8526,1700,90,56,0
95,7/5/2016,47,8550,1700,90,57,0
96,7/6/2016,51,9702,1700,90,292,202
97,7/7/2016,60,8442,1700,90,49,0
98,7/8/2016,64,9024,1700,90,169,79
99,7/9/2016,69,8532,1700,90,76,0
100,7/10/2016,70,7374,1700,90,0,0
101,7/11/2016,70,9492,1700,90,269,179
102,7/12/2016,52,8130,1700,90,0,0
103,7/13/2016,48,9012,1700,90,151,61
104,7/14/2016,48,9228,1700,90,194,104
105,7/15/2016,54,7626,1700,90,0,0
106,7/16/2016,58,6234,1700,90,0,0
107,7/17/2016,63,5592,1700,90,0,0
108,7/18/2016,67,7452,1700,90,0,0
109,7/19/2016,62,6744,1700,90,0,0
110,7/20/2016,69,6870,1700,90,0,0
111,7/21/2016,73,6924,1700,90,0,0
112,7/22/2016,67,8844,1700,90,136,46
113,7/23/2016,63,6450,1700,90,0,0
114,7/24/2016,60,5892,1700,90,0,0
115,7/25/2016,62,7368,1700,90,0,0
116,7/26/2016,53,7488,1700,90,0,0
117,7/27/2016,49,6684,1700,90,0,0
118,7/28/2016,51,7062,1700,90,0,0
119,7/29/2016,50,6978,1700,90,0,0
120,7/30/2016,49,6480,1700,90,0,0
121,7/31/2016,51,6210,1700,90,0,0
122,8/1/2016,53,10536,1700,90,461,371
123,8/2/2016,51,10392,1700,90,430,340
124,8/3/2016,49,9516,1700,90,253,163
125,8/4/2016,52,9840,1700,90,320,230
126,8/5/2016,49,9258,1700,90,201,111
127,8/6/2016,44,9006,1700,90,146,56
128,8/7/2016,46,5904,1700,90,0,0
129,8/8/2016,40,7428,1700,90,0,0
130,8/9/2016,37,6840,1700,90,0,0
131,8/10/2016,38,7506,1700,90,0,0
132,8/11/2016,45,8526,1700,90,51,0
133,8/12/2016,43,8256,1700,90,0,0
134,8/13/2016,38,6762,1700,90,0,0
135,8/14/2016,38,5778,1700,90,0,0
136,8/15/2016,42,7404,1700,90,0,0
137,8/16/2016,44,7134,1700,90,0,0
138,8/17/2016,47,6540,1700,90,0,0
139,8/18/2016,46,8670,1700,90,80,0
140,8/19/2016,45,8028,1700,90,0,0
141,8/20/2016,36,6318,1700,90,0,0
142,8/21/2016,44,8214,1700,90,0,0
143,8/22/2016,49,6654,1700,90,0,0
144,8/23/2016,48,8082,1700,90,0,0
145,8/24/2016,49,8430,1700,90,35,0
146,8/25/2016,52,7140,1700,90,0,0
147,8/26/2016,55,8082,1700,90,0,0
148,8/27/2016,48,7626,1700,90,0,0
149,8/28/2016,49,6990,1700,90,0,0
150,8/29/2016,60,6840,1700,90,0,0
151,8/30/2016,59,8592,1700,90,78,0
152,8/31/2016,54,8886,1700,90,132,42
153,9/1/2016,52,9318,1700,90,216,126
154,9/2/2016,61,9366,1700,90,235,145
155,9/3/2016,55,7380,1700,90,0,0
156,9/4/2016,69,7536,1700,90,0,0
157,9/5/2016,73,7548,1700,90,0,0
158,9/6/2016,67,7560,1700,90,0,0
159,9/7/2016,64,8568,1700,90,78,0
160,9/8/2016,67,8748,1700,90,117,27
161,9/9/2016,62,6582,1700,90,0,0
162,9/10/2016,59,7374,1700,90,0,0
163,9/11/2016,68,8202,1700,90,9,0
164,9/12/2016,72,6564,1700,90,0,0
165,9/13/2016,65,7230,1700,90,0,0
166,9/14/2016,68,8514,1700,90,71,0
167,9/15/2016,75,8280,1700,90,31,0
168,9/16/2016,71,7824,1700,90,0,0
169,9/17/2016,74,6660,1700,90,0,0
170,9/18/2016,81,6126,1700,90,0,0
171,9/19/2016,75,7926,1700,90,0,0
172,9/20/2016,72,7362,1700,90,0,0
173,9/21/2016,80,8532,1700,90,87,0
174,9/22/2016,77,8286,1700,90,35,0
175,9/23/2016,76,5808,1700,90,0,0
176,9/24/2016,71,7842,1700,90,0,0
177,9/25/2016,79,5328,1700,90,0,0
178,9/26/2016,80,8550,1700,90,90,0
179,9/27/2016,90,7638,1700,90,0,0
180,9/28/2016,89,6924,1700,90,0,0
181,9/29/2016,89,8172,1700,90,24,0
182,9/30/2016,91,8520,1700,90,95,5
183,10/1/2016,72,6492,1700,90,0,0
184,10/2/2016,77,7872,1700,90,0,0
185,10/3/2016,83,8004,1700,90,0,0
186,10/4/2016,85,7398,1700,90,0,0
187,10/5/2016,83,8136,1700,90,11,0
188,10/6/2016,77,7020,1700,90,0,0
189,10/7/2016,84,6072,1700,90,0,0
190,10/8/2016,77,7176,1700,90,0,0
191,10/9/2016,81,7842,1700,90,0,0
192,10/10/2016,91,7818,1700,90,0,0
193,10/11/2016,80,7908,1700,90,0,0
194,10/12/2016,81,6396,1700,90,0,0
195,10/13/2016,84,6930,1700,90,0,0
196,10/14/2016,90,7728,1700,90,0,0
197,10/15/2016,86,6954,1700,90,0,0
198,10/16/2016,86,7614,1700,90,0,0
199,10/17/2016,90,6666,1700,90,0,0
200,10/18/2016,78,7200,1700,90,0,0
201,10/19/2016,75,8094,1700,90,0,0
202,10/20/2016,73,7440,1700,90,0,0
203,10/21/2016,77,6234,1700,90,0,0
204,10/22/2016,75,6660,1700,90,0,0
205,10/23/2016,70,5004,1700,90,0,0
206,10/24/2016,73,8544,1700,90,82,0
207,10/25/2016,59,6204,1700,90,0,0
208,10/26/2016,57,6108,1700,90,0,0
209,10/27/2016,60,6366,1700,90,0,0
210,10/28/2016,61,5430,1700,90,0,0
211,10/29/2016,50,7980,1700,90,0,0
212,10/30/2016,59,5730,1700,90,0,0
213,10/31/2016,71,5874,1700,90,0,0
214,11/1/2016,65,9600,1700,90,285,195
215,11/2/2016,66,6576,1700,90,0,0
216,11/3/2016,62,8352,1700,90,33,0
217,11/4/2016,62,6984,1700,90,0,0
218,11/5/2016,47,5562,1700,90,0,0
219,11/6/2016,48,6366,1700,90,0,0
220,11/7/2016,57,7098,1700,90,0,0
221,11/8/2016,57,6552,1700,90,0,0
222,11/9/2016,55,6966,1700,90,0,0
223,11/10/2016,55,5730,1700,90,0,0
224,11/11/2016,57,7110,1700,90,0,0
225,11/12/2016,44,7140,1700,90,0,0
226,11/13/2016,48,6072,1700,90,0,0
227,11/14/2016,58,7710,1700,90,0,0
228,11/15/2016,64,8190,1700,90,2,0
229,11/16/2016,61,5598,1700,90,0,0
230,11/17/2016,62,6684,1700,90,0,0
231,11/18/2016,64,6276,1700,90,0,0
232,11/19/2016,59,5820,1700,90,0,0
233,11/20/2016,72,5160,1700,90,0,0
234,11/21/2016,70,7998,1700,90,0,0
235,11/22/2016,67,6852,1700,90,0,0
236,11/23/2016,73,8256,1700,90,25,0
237,11/24/2016,78,7494,1700,90,0,0
238,11/25/2016,76,7722,1700,90,0,0
239,11/26/2016,67,6438,1700,90,0,0
240,11/27/2016,65,5526,1700,90,0,0
241,11/28/2016,62,6558,1700,90,0,0
242,11/29/2016,55,6624,1700,90,0,0
243,11/30/2016,49,6384,1700,90,0,0
244,12/1/2016,43,6450,1700,90,0,0
245,12/2/2016,46,8436,1700,90,34,0
246,12/3/2016,45,5748,1700,90,0,0
247,12/4/2016,51,5532,1700,90,0,0
248,12/5/2016,50,7674,1700,90,0,0
249,12/6/2016,47,7422,1700,90,0,0
250,12/7/2016,55,7086,1700,90,0,0
251,12/8/2016,60,6174,1700,90,0,0
252,12/9/2016,57,6120,1700,90,0,0
253,12/10/2016,56,6942,1700,90,0,0
254,12/11/2016,60,7098,1700,90,0,0
255,12/12/2016,70,7506,1700,90,0,0
256,12/13/2016,68,7116,1700,90,0,0
257,12/14/2016,71,5934,1700,90,0,0
258,12/15/2016,70,5118,1700,90,0,0
259,12/16/2016,62,5802,1700,90,0,0
260,12/17/2016,57,6642,1700,90,0,0
261,12/18/2016,62,4692,1700,90,0,0
262,12/19/2016,61,6798,1700,90,0,0
263,12/20/2016,51,6480,1700,90,0,0
264,12/21/2016,49,5244,1700,90,0,0
265,12/22/2016,49,6000,1700,90,0,0
266,12/23/2016,48,5496,1700,90,0,0
267,12/24/2016,44,5172,1700,90,0,0
268,12/25/2016,50,6030,1700,90,0,0
269,12/26/2016,61,6714,1700,90,0,0
270,12/27/2016,80,6828,1700,90,0,0
271,12/28/2016,91,6096,1700,90,0,0
272,12/29/2016,96,7326,1700,90,0,0
273,12/30/2016,92,5478,1700,90,0,0
274,12/31/2016,66,5754,1700,90,0,0
275,1/1/2017,60,6336,1800,90,0,0
276,1/2/2017,70,8550,1800,90,0,0
277,1/3/2017,74,8238,1800,90,0,0
278,1/4/2017,76,7902,1800,90,0,0
279,1/5/2017,76,8268,1800,90,0,0
280,1/6/2017,71,6054,1800,90,0,0
281,1/7/2017,81,7152,1800,90,0,0
282,1/8/2017,88,6318,1800,90,0,0
283,1/9/2017,89,5418,1800,90,0,0
284,1/10/2017,80,5376,1800,90,0,0
285,1/11/2017,73,5976,1800,90,0,0
286,1/12/2017,55,6414,1800,90,0,0
287,1/13/2017,47,5496,1800,90,0,0
288,1/14/2017,49,4668,1800,90,0,0
289,1/15/2017,53,4074,1800,90,0,0
290,1/16/2017,58,6300,1800,90,0,0
291,1/17/2017,52,6948,1800,90,0,0
292,1/18/2017,50,4920,1800,90,0,0
293,1/19/2017,55,4938,1800,90,0,0
294,1/20/2017,62,6870,1800,90,0,0
295,1/21/2017,58,5592,1800,90,0,0
296,1/22/2017,60,6618,1800,90,0,0
297,1/23/2017,65,7248,1800,90,0,0
298,1/24/2017,63,5400,1800,90,0,0
299,1/25/2017,57,4860,1800,90,0,0
300,1/26/2017,66,5196,1800,90,0,0
301,1/27/2017,73,6330,1800,90,0,0
302,1/28/2017,62,5442,1800,90,0,0
303,1/29/2017,64,5742,1800,90,0,0
304,1/30/2017,67,7212,1800,90,0,0
305,1/31/2017,56,5904,1800,90,0,0
306,2/1/2017,48,6786,1800,90,0,0
307,2/2/2017,50,8844,1800,90,19,0
308,2/3/2017,54,7494,1800,90,0,0
309,2/4/2017,44,6666,1800,90,0,0
310,2/5/2017,48,5898,1800,90,0,0
311,2/6/2017,58,8844,1800,90,27,0
312,2/7/2017,60,6798,1800,90,0,0
313,2/8/2017,65,8664,1800,90,0,0
314,2/9/2017,60,6204,1800,90,0,0
315,2/10/2017,66,7032,1800,90,0,0
316,2/11/2017,62,7638,1800,90,0,0
317,2/12/2017,58,7398,1800,90,0,0
318,2/13/2017,62,5724,1800,90,0,0
319,2/14/2017,56,6816,1800,90,0,0
320,2/15/2017,60,5868,1800,90,0,0
321,2/16/2017,67,7812,1800,90,0,0
322,2/17/2017,63,7272,1800,90,0,0
323,2/18/2017,52,7464,1800,90,0,0
324,2/19/2017,54,5268,1800,90,0,0
325,2/20/2017,57,5814,1800,90,0,0
326,2/21/2017,58,5820,1800,90,0,0
327,2/22/2017,60,7056,1800,90,0,0
328,2/23/2017,58,8088,1800,90,0,0
329,2/24/2017,64,6696,1800,90,0,0
330,2/25/2017,57,5388,1800,90,0,0
331,2/26/2017,57,5994,1800,90,0,0
332,2/27/2017,58,6822,1800,90,0,0
333,2/28/2017,55,7338,1800,90,0,0
334,3/1/2017,53,10074,1800,90,268,178
335,3/2/2017,54,9246,1800,90,104,14
336,3/3/2017,50,8616,1800,90,0,0
337,3/4/2017,47,6636,1800,90,0,0
338,3/5/2017,58,6288,1800,90,0,0
339,3/6/2017,61,8670,1800,90,0,0
340,3/7/2017,56,6948,1800,90,0,0
341,3/8/2017,52,8700,1800,90,0,0
342,3/9/2017,55,9030,1800,90,61,0
343,3/10/2017,61,8166,1800,90,0,0
344,3/11/2017,57,7548,1800,90,0,0
345,3/12/2017,61,6564,1800,90,0,0
346,3/13/2017,66,6174,1800,90,0,0
347,3/14/2017,57,7188,1800,90,0,0
348,3/15/2017,60,7686,1800,90,0,0
349,3/16/2017,61,6942,1800,90,0,0
350,3/17/2017,60,5724,1800,90,0,0
351,3/18/2017,54,7620,1800,90,0,0
352,3/19/2017,58,6066,1800,90,0,0
353,3/20/2017,59,6486,1800,90,0,0
354,3/21/2017,58,8352,1800,90,0,0
355,3/22/2017,57,8412,1800,90,0,0
356,3/23/2017,56,7170,1800,90,0,0
357,3/24/2017,53,6918,1800,90,0,0
358,3/25/2017,48,6636,1800,90,0,0
359,3/26/2017,48,6756,1800,90,0,0
360,3/27/2017,56,8856,1800,90,28,0
361,3/28/2017,56,8688,1800,90,0,0
362,3/29/2017,59,8112,1800,90,0,0
363,3/30/2017,58,7728,1800,90,0,0
364,3/31/2017,58,8394,1800,90,0,0
365,4/1/2017,45,9774,1800,90,200,110
366,4/2/2017,45,6630,1800,90,0,0
367,4/3/2017,49,10170,1800,90,283,193
368,4/4/2017,52,9324,1800,90,117,27
369,4/5/2017,48,7770,1800,90,0,0
370,4/6/2017,43,7284,1800,90,0,0
371,4/7/2017,38,8970,1800,90,32,0
372,4/8/2017,44,8844,1800,90,13,0
373,4/9/2017,41,6084,1800,90,0,0
374,4/10/2017,45,9300,1800,90,105,15
375,4/11/2017,46,7962,1800,90,0,0
376,4/12/2017,46,8466,1800,90,0,0
377,4/13/2017,55,6360,1800,90,0,0
378,4/14/2017,53,8220,1800,90,0,0
379,4/15/2017,53,6876,1800,90,0,0
380,4/16/2017,54,7086,1800,90,0,0
381,4/17/2017,59,9048,1800,90,69,0
382,4/18/2017,60,7932,1800,90,0,0
383,4/19/2017,67,8574,1800,90,0,0
384,4/20/2017,72,8016,1800,90,0,0
385,4/21/2017,69,8400,1800,90,0,0
386,4/22/2017,61,8478,1800,90,0,0
387,4/23/2017,71,7194,1800,90,0,0
388,4/24/2017,68,8184,1800,90,0,0
389,4/25/2017,69,8352,1800,90,0,0
390,4/26/2017,61,8874,1800,90,36,0
391,4/27/2017,61,7368,1800,90,0,0
392,4/28/2017,63,7230,1800,90,0,0
393,4/29/2017,59,6468,1800,90,0,0
394,4/30/2017,62,6984,1800,90,0,0
395,5/1/2017,64,10218,1800,90,308,218
396,5/2/2017,69,8376,1800,90,0,0
397,5/3/2017,65,10050,1800,90,275,185
398,5/4/2017,64,9582,1800,90,181,91
399,5/5/2017,63,7140,1800,90,0,0
400,5/6/2017,54,9270,1800,90,108,18
401,5/7/2017,61,6966,1800,90,0,0
402,5/8/2017,59,8616,1800,90,0,0
403,5/9/2017,54,9444,1800,90,143,53
404,5/10/2017,55,9066,1800,90,69,0
405,5/11/2017,55,8862,1800,90,28,0
406,5/12/2017,55,9420,1800,90,139,49
407,5/13/2017,54,7914,1800,90,0,0
408,5/14/2017,65,8592,1800,90,0,0
409,5/15/2017,77,8256,1800,90,0,0
410,5/16/2017,70,8178,1800,90,0,0
411,5/17/2017,70,6876,1800,90,0,0
412,5/18/2017,62,7242,1800,90,0,0
413,5/19/2017,55,7746,1800,90,0,0
414,5/20/2017,45,6534,1800,90,0,0
415,5/21/2017,48,6066,1800,90,0,0
416,5/22/2017,61,8766,1800,90,15,0
417,5/23/2017,54,9606,1800,90,176,86
418,5/24/2017,51,8142,1800,90,0,0
419,5/25/2017,52,6750,1800,90,0,0
420,5/26/2017,58,7062,1800,90,0,0
421,5/27/2017,51,7290,1800,90,0,0
422,5/28/2017,58,8538,1800,90,0,0
423,5/29/2017,57,8112,1800,90,0,0
424,5/30/2017,55,7098,1800,90,0,0
425,5/31/2017,52,9294,1800,90,111,21
426,6/1/2017,54,10830,1800,90,420,330
427,6/2/2017,57,9840,1800,90,225,135
428,6/3/2017,56,7296,1800,90,0,0
429,6/4/2017,48,8136,1800,90,0,0
430,6/5/2017,56,9876,1800,90,232,142
431,6/6/2017,61,8268,1800,90,0,0
432,6/7/2017,58,9630,1800,90,184,94
433,6/8/2017,54,9186,1800,90,92,2
434,6/9/2017,56,6924,1800,90,0,0
435,6/10/2017,54,9312,1800,90,117,27
436,6/11/2017,54,7812,1800,90,0,0
437,6/12/2017,56,9174,1800,90,91,1
438,6/13/2017,56,9852,1800,90,227,137
439,6/14/2017,55,8376,1800,90,0,0
440,6/15/2017,45,7452,1800,90,0,0
441,6/16/2017,50,7728,1800,90,0,0
442,6/17/2017,52,7596,1800,90,0,0
443,6/18/2017,64,6540,1800,90,0,0
444,6/19/2017,63,8370,1800,90,0,0
445,6/20/2017,59,8490,1800,90,0,0
446,6/21/2017,60,8892,1800,90,39,0
447,6/22/2017,53,8598,1800,90,0,0
448,6/23/2017,55,6942,1800,90,0,0
449,6/24/2017,57,7662,1800,90,0,0
450,6/25/2017,63,6054,1800,90,0,0
451,6/26/2017,64,7620,1800,90,0,0
452,6/27/2017,53,7764,1800,90,0,0
453,6/28/2017,54,8040,1800,90,0,0
454,6/29/2017,57,8160,1800,90,0,0
455,6/30/2017,59,9060,1800,90,71,0
456,7/1/2017,51,8352,1800,90,0,0
457,7/2/2017,50,7860,1800,90,0,0
458,7/3/2017,60,8802,1800,90,21,0
459,7/4/2017,48,9228,1800,90,94,4
460,7/5/2017,49,10398,1800,90,329,239
461,7/6/2017,46,7578,1800,90,0,0
462,7/7/2017,44,7314,1800,90,0,0
463,7/8/2017,43,7398,1800,90,0,0
464,7/9/2017,46,7878,1800,90,0,0
465,7/10/2017,49,7200,1800,90,0,0
466,7/11/2017,47,7872,1800,90,0,0
467,7/12/2017,49,7524,1800,90,0,0
468,7/13/2017,53,6960,1800,90,0,0
469,7/14/2017,59,9354,1800,90,130,40
470,7/15/2017,62,8808,1800,90,24,0
471,7/16/2017,71,8982,1800,90,68,0
472,7/17/2017,69,9336,1800,90,137,47
473,7/18/2017,66,9624,1800,90,191,101
474,7/19/2017,59,9534,1800,90,166,76
475,7/20/2017,56,7152,1800,90,0,0
476,7/21/2017,54,8052,1800,90,0,0
477,7/22/2017,51,8190,1800,90,0,0
478,7/23/2017,55,7686,1800,90,0,0
479,7/24/2017,62,7530,1800,90,0,0
480,7/25/2017,59,8400,1800,90,0,0
481,7/26/2017,61,7956,1800,90,0,0
482,7/27/2017,55,8400,1800,90,0,0
483,7/28/2017,56,7104,1800,90,0,0
484,7/29/2017,52,8724,1800,90,0,0
485,7/30/2017,52,6324,1800,90,0,0
486,7/31/2017,73,7818,1800,90,0,0
487,8/1/2017,63,10476,1800,90,359,269
488,8/2/2017,63,10068,1800,90,277,187
489,8/3/2017,68,9372,1800,90,143,53
490,8/4/2017,66,7506,1800,90,0,0
491,8/5/2017,64,9672,1800,90,199,109
492,8/6/2017,70,6654,1800,90,0,0
493,8/7/2017,68,9174,1800,90,103,13
494,8/8/2017,63,9186,1800,90,101,11
495,8/9/2017,57,8712,1800,90,0,0
496,8/10/2017,57,8016,1800,90,0,0
497,8/11/2017,66,9426,1800,90,152,62
498,8/12/2017,62,7548,1800,90,0,0
499,8/13/2017,66,6408,1800,90,0,0
500,8/14/2017,65,9360,1800,90,137,47
501,8/15/2017,69,8844,1800,90,38,0
502,8/16/2017,66,9114,1800,90,89,0
503,8/17/2017,59,9006,1800,90,61,0
504,8/18/2017,61,8796,1800,90,21,0
505,8/19/2017,52,8748,1800,90,2,0
506,8/20/2017,61,8406,1800,90,0,0
507,8/21/2017,66,8316,1800,90,0,0
508,8/22/2017,76,8556,1800,90,0,0
509,8/23/2017,74,7602,1800,90,0,0
510,8/24/2017,72,9156,1800,90,104,14
511,8/25/2017,75,7092,1800,90,0,0
512,8/26/2017,72,8880,1800,90,48,0
513,8/27/2017,68,7386,1800,90,0,0
514,8/28/2017,73,7566,1800,90,0,0
515,8/29/2017,66,9546,1800,90,176,86
516,8/30/2017,62,6924,1800,90,0,0
517,8/31/2017,69,7710,1800,90,0,0
518,9/1/2017,78,9210,1800,90,120,30
519,9/2/2017,67,8922,1800,90,52,0
520,9/3/2017,66,9228,1800,90,112,22
521,9/4/2017,75,8178,1800,90,0,0
522,9/5/2017,76,8280,1800,90,0,0
523,9/6/2017,83,8010,1800,90,0,0
524,9/7/2017,93,7338,1800,90,0,0
525,9/8/2017,89,6978,1800,90,0,0
526,9/9/2017,89,7584,1800,90,0,0
527,9/10/2017,88,8586,1800,90,6,0
528,9/11/2017,90,8070,1800,90,0,0
529,9/12/2017,78,8076,1800,90,0,0
530,9/13/2017,88,9654,1800,90,219,129
531,9/14/2017,82,6666,1800,90,0,0
532,9/15/2017,88,8604,1800,90,9,0
533,9/16/2017,74,8964,1800,90,67,0
534,9/17/2017,79,6168,1800,90,0,0
535,9/18/2017,78,8946,1800,90,68,0
536,9/19/2017,86,7224,1800,90,0,0
537,9/20/2017,92,8064,1800,90,0,0
538,9/21/2017,101,8514,1800,90,4,0
539,9/22/2017,106,7794,1800,90,0,0
540,9/23/2017,93,8922,1800,90,78,0
541,9/24/2017,94,6768,1800,90,0,0
542,9/25/2017,93,7116,1800,90,0,0
543,9/26/2017,80,8670,1800,90,14,0
544,9/27/2017,76,7836,1800,90,0,0
545,9/28/2017,73,6690,1800,90,0,0
546,9/29/2017,83,8808,1800,90,45,0
547,9/30/2017,77,8304,1800,90,0,0
548,10/1/2017,81,9414,1800,90,164,74
549,10/2/2017,82,8484,1800,90,0,0
550,10/3/2017,88,8664,1800,90,21,0
551,10/4/2017,96,8820,1800,90,60,0
552,10/5/2017,86,9852,1800,90,257,167
553,10/6/2017,89,8232,1800,90,0,0
554,10/7/2017,81,6426,1800,90,0,0
555,10/8/2017,91,7014,1800,90,0,0
556,10/9/2017,95,9564,1800,90,208,118
557,10/10/2017,91,8670,1800,90,25,0
558,10/11/2017,88,7854,1800,90,0,0
559,10/12/2017,92,7050,1800,90,0,0
560,10/13/2017,88,6468,1800,90,0,0
561,10/14/2017,75,6972,1800,90,0,0
562,10/15/2017,88,7908,1800,90,0,0
563,10/16/2017,96,9054,1800,90,107,17
564,10/17/2017,94,7728,1800,90,0,0
565,10/18/2017,93,7518,1800,90,0,0
566,10/19/2017,93,8472,1800,90,0,0
567,10/20/2017,97,7434,1800,90,0,0
568,10/21/2017,96,6966,1800,90,0,0
569,10/22/2017,95,7062,1800,90,0,0
570,10/23/2017,89,7596,1800,90,0,0
571,10/24/2017,81,8346,1800,90,0,0
572,10/25/2017,78,7608,1800,90,0,0
573,10/26/2017,77,7854,1800,90,0,0
574,10/27/2017,73,8502,1800,90,0,0
575,10/28/2017,64,6462,1800,90,0,0
576,10/29/2017,119,7764,1800,90,0,0
577,10/30/2017,64,9258,1800,90,116,26
578,10/31/2017,64,7200,1800,90,0,0
579,11/1/2017,57,9930,1800,90,243,153
580,11/2/2017,60,8766,1800,90,14,0
581,11/3/2017,62,9468,1800,90,156,66
582,11/4/2017,49,7650,1800,90,0,0
583,11/5/2017,61,7086,1800,90,0,0
584,11/6/2017,64,7494,1800,90,0,0
585,11/7/2017,64,7638,1800,90,0,0
586,11/8/2017,58,7128,1800,90,0,0
587,11/9/2017,73,6360,1800,90,0,0
588,11/10/2017,68,6930,1800,90,0,0
589,11/11/2017,64,7170,1800,90,0,0
590,11/12/2017,61,6360,1800,90,0,0
591,11/13/2017,61,8610,1800,90,0,0
592,11/14/2017,63,8322,1800,90,0,0
593,11/15/2017,68,7206,1800,90,0,0
594,11/16/2017,65,7182,1800,90,0,0
595,11/17/2017,73,6870,1800,90,0,0
596,11/18/2017,65,6294,1800,90,0,0
597,11/19/2017,67,5724,1800,90,0,0
598,11/20/2017,70,6126,1800,90,0,0
599,11/21/2017,70,7740,1800,90,0,0
600,11/22/2017,62,7674,1800,90,0,0
601,11/23/2017,59,6048,1800,90,0,0
602,11/24/2017,60,6402,1800,90,0,0
603,11/25/2017,52,6444,1800,90,0,0
604,11/26/2017,62,5532,1800,90,0,0
605,11/27/2017,72,6042,1800,90,0,0
606,11/28/2017,70,7632,1800,90,0,0
607,11/29/2017,67,6150,1800,90,0,0
608,11/30/2017,67,7620,1800,90,0,0
609,12/1/2017,69,8082,1800,90,0,0
610,12/2/2017,62,6030,1800,90,0,0
611,12/3/2017,66,6312,1800,90,0,0
612,12/4/2017,76,7158,1800,90,0,0
613,12/5/2017,71,8406,1800,90,0,0
614,12/6/2017,66,7644,1800,90,0,0
615,12/7/2017,69,6954,1800,90,0,0
616,12/8/2017,59,6714,1800,90,0,0
617,12/9/2017,57,7338,1800,90,0,0
618,12/10/2017,66,6390,1800,90,0,0
619,12/11/2017,68,6162,1800,90,0,0
620,12/12/2017,67,7602,1800,90,0,0
621,12/13/2017,69,6450,1800,90,0,0
622,12/14/2017,79,6480,1800,90,0,0
623,12/15/2017,83,5556,1800,90,0,0
624,12/16/2017,74,7620,1800,90,0,0
625,12/17/2017,75,5364,1800,90,0,0
626,12/18/2017,83,6096,1800,90,0,0
627,12/19/2017,82,5988,1800,90,0,0
628,12/20/2017,78,6714,1800,90,0,0
629,12/21/2017,83,7800,1800,90,0,0
630,12/22/2017,81,7062,1800,90,0,0
631,12/23/2017,65,7152,1800,90,0,0
632,12/24/2017,57,4854,1800,90,0,0
633,12/25/2017,60,7692,1800,90,0,0
634,12/26/2017,62,5814,1800,90,0,0
635,12/27/2017,76,6558,1800,90,0,0
636,12/28/2017,81,6978,1800,90,0,0
637,12/29/2017,75,7494,1800,90,0,0
638,12/30/2017,71,6432,1800,90,0,0
639,12/31/2017,71,4908,1800,90,0,0
640,1/1/2018,64,9006,1900,90,0,0
641,1/2/2018,75,7224,1900,90,0,0
642,1/3/2018,74,6480,1900,90,0,0
643,1/4/2018,80,6756,1900,90,0,0
644,1/5/2018,80,8436,1900,90,0,0
645,1/6/2018,76,7506,1900,90,0,0
646,1/7/2018,81,7476,1900,90,0,0
647,1/8/2018,90,8412,1900,90,0,0
648,1/9/2018,83,8202,1900,90,0,0
649,1/10/2018,82,8460,1900,90,0,0
650,1/11/2018,80,6834,1900,90,0,0
651,1/12/2018,82,7374,1900,90,0,0
652,1/13/2018,73,6642,1900,90,0,0
653,1/14/2018,84,6756,1900,90,0,0
654,1/15/2018,90,6804,1900,90,0,0
655,1/16/2018,90,8040,1900,90,0,0
656,1/17/2018,83,5742,1900,90,0,0
657,1/18/2018,86,8034,1900,90,0,0
658,1/19/2018,93,8088,1900,90,0,0
659,1/20/2018,78,5808,1900,90,0,0
660,1/21/2018,85,6864,1900,90,0,0
661,1/22/2018,75,5514,1900,90,0,0
662,1/23/2018,66,5838,1900,90,0,0
663,1/24/2018,69,6486,1900,90,0,0
664,1/25/2018,68,5334,1900,90,0,0
665,1/26/2018,65,6618,1900,90,0,0
666,1/27/2018,65,6864,1900,90,0,0
667,1/28/2018,73,6390,1900,90,0,0
668,1/29/2018,80,7416,1900,90,0,0
669,1/30/2018,81,5484,1900,90,0,0
670,1/31/2018,84,6438,1900,90,0,0
671,2/1/2018,70,8400,1900,90,0,0
672,2/2/2018,77,7938,1900,90,0,0
673,2/3/2018,63,8616,1900,90,0,0
674,2/4/2018,71,7686,1900,90,0,0
675,2/5/2018,70,7548,1900,90,0,0
676,2/6/2018,69,7416,1900,90,0,0
677,2/7/2018,69,6960,1900,90,0,0
678,2/8/2018,73,7962,1900,90,0,0
679,2/9/2018,66,8310,1900,90,0,0
680,2/10/2018,56,8010,1900,90,0,0
681,2/11/2018,66,6606,1900,90,0,0
682,2/12/2018,75,6576,1900,90,0,0
683,2/13/2018,58,7410,1900,90,0,0
684,2/14/2018,64,7038,1900,90,0,0
685,2/15/2018,60,7176,1900,90,0,0
686,2/16/2018,75,5868,1900,90,0,0
687,2/17/2018,64,7788,1900,90,0,0
688,2/18/2018,65,7284,1900,90,0,0
689,2/19/2018,67,8076,1900,90,0,0
690,2/20/2018,67,6678,1900,90,0,0
691,2/21/2018,75,8784,1900,90,0,0
692,2/22/2018,68,5958,1900,90,0,0
693,2/23/2018,71,8634,1900,90,0,0
694,2/24/2018,71,5868,1900,90,0,0
695,2/25/2018,79,5634,1900,90,0,0
696,2/26/2018,79,6066,1900,90,0,0
697,2/27/2018,80,8544,1900,90,0,0
698,2/28/2018,85,8880,1900,90,0,0
699,3/1/2018,78,10152,1900,90,209,119
700,3/2/2018,80,8802,1900,90,0,0
701,3/3/2018,72,7980,1900,90,0,0
702,3/4/2018,74,7752,1900,90,0,0
703,3/5/2018,78,9588,1900,90,96,6
704,3/6/2018,69,8406,1900,90,0,0
705,3/7/2018,76,9462,1900,90,69,0
706,3/8/2018,80,7368,1900,90,0,0
707,3/9/2018,87,7782,1900,90,0,0
708,3/10/2018,76,8196,1900,90,0,0
709,3/11/2018,68,7704,1900,90,0,0
710,3/12/2018,68,9072,1900,90,0,0
711,3/13/2018,68,9480,1900,90,64,0
712,3/14/2018,78,7134,1900,90,0,0
713,3/15/2018,84,9306,1900,90,46,0
714,3/16/2018,82,7602,1900,90,0,0
715,3/17/2018,72,7932,1900,90,0,0
716,3/18/2018,74,7920,1900,90,0,0
717,3/19/2018,76,8646,1900,90,0,0
718,3/20/2018,88,6708,1900,90,0,0
719,3/21/2018,94,8166,1900,90,0,0
720,3/22/2018,88,7116,1900,90,0,0
721,3/23/2018,100,7290,1900,90,0,0
722,3/24/2018,84,6612,1900,90,0,0
723,3/25/2018,83,7248,1900,90,0,0
724,3/26/2018,74,7680,1900,90,0,0
725,3/27/2018,70,7470,1900,90,0,0
726,3/28/2018,69,6876,1900,90,0,0
727,3/29/2018,81,8190,1900,90,0,0
728,3/30/2018,89,8526,1900,90,0,0
729,3/31/2018,72,8010,1900,90,0,0
730,4/1/2018,64,9522,1900,90,69,0
731,4/2/2018,58,9642,1900,90,87,0
732,4/3/2018,65,9048,1900,90,0,0
733,4/4/2018,62,10566,1900,90,276,186
734,4/5/2018,65,7932,1900,90,0,0
735,4/6/2018,67,9654,1900,90,98,8
736,4/7/2018,68,8202,1900,90,0,0
737,4/8/2018,70,8268,1900,90,0,0
738,4/9/2018,74,9438,1900,90,62,0
739,4/10/2018,66,8580,1900,90,0,0
740,4/11/2018,70,7686,1900,90,0,0
741,4/12/2018,73,10080,1900,90,189,99
742,4/13/2018,72,8454,1900,90,0,0
743,4/14/2018,64,8490,1900,90,0,0
744,4/15/2018,65,7782,1900,90,0,0
745,4/16/2018,60,8160,1900,90,0,0
746,4/17/2018,56,10068,1900,90,170,80
747,4/18/2018,64,8352,1900,90,0,0
748,4/19/2018,64,7080,1900,90,0,0
749,4/20/2018,61,9534,1900,90,68,0
750,4/21/2018,57,9288,1900,90,15,0
751,4/22/2018,58,8760,1900,90,0,0
752,4/23/2018,57,8136,1900,90,0,0
753,4/24/2018,52,8412,1900,90,0,0
754,4/25/2018,55,9174,1900,90,0,0
755,4/26/2018,58,9522,1900,90,63,0
756,4/27/2018,55,8220,1900,90,0,0
757,4/28/2018,54,8178,1900,90,0,0
758,4/29/2018,55,8412,1900,90,0,0
759,4/30/2018,60,9504,1900,90,61,0
760,5/1/2018,65,9714,1900,90,108,18
761,5/2/2018,74,8880,1900,90,0,0
762,5/3/2018,78,8652,1900,90,0,0
763,5/4/2018,76,9078,1900,90,0,0
764,5/5/2018,71,9642,1900,90,100,10
765,5/6/2018,72,9882,1900,90,149,59
766,5/7/2018,70,10320,1900,90,234,144
767,5/8/2018,55,9078,1900,90,0,0
768,5/9/2018,53,8358,1900,90,0,0
769,5/10/2018,53,8562,1900,90,0,0
770,5/11/2018,55,8268,1900,90,0,0
771,5/12/2018,49,9432,1900,90,36,0
772,5/13/2018,56,8190,1900,90,0,0
773,5/14/2018,63,8244,1900,90,0,0
774,5/15/2018,63,7992,1900,90,0,0
775,5/16/2018,60,9480,1900,90,56,0
776,5/17/2018,66,7518,1900,90,0,0
777,5/18/2018,68,9942,1900,90,157,67
778,5/19/2018,73,6822,1900,90,0,0
779,5/20/2018,78,8460,1900,90,0,0
780,5/21/2018,78,9654,1900,90,109,19
781,5/22/2018,83,8442,1900,90,0,0
782,5/23/2018,80,7422,1900,90,0,0
783,5/24/2018,90,8814,1900,90,0,0
784,5/25/2018,102,7572,1900,90,0,0
785,5/26/2018,89,8136,1900,90,0,0
786,5/27/2018,88,7428,1900,90,0,0
787,5/28/2018,80,8862,1900,90,0,0
788,5/29/2018,70,8226,1900,90,0,0
789,5/30/2018,68,8064,1900,90,0,0
790,5/31/2018,67,7392,1900,90,0,0
791,6/1/2018,66,10752,1900,90,317,227
792,6/2/2018,60,8766,1900,90,0,0
793,6/3/2018,71,9834,1900,90,138,48
794,6/4/2018,80,11370,1900,90,454,364
795,6/5/2018,71,10020,1900,90,175,85
796,6/6/2018,77,9180,1900,90,13,0
797,6/7/2018,77,8718,1900,90,0,0
798,6/8/2018,78,8208,1900,90,0,0
799,6/9/2018,79,9318,1900,90,43,0
800,6/10/2018,90,7068,1900,90,0,0
801,6/11/2018,78,9012,1900,90,0,0
802,6/12/2018,72,10380,1900,90,248,158
803,6/13/2018,80,10638,1900,90,308,218
804,6/14/2018,78,8826,1900,90,0,0
805,6/15/2018,85,8994,1900,90,0,0
806,6/16/2018,82,8196,1900,90,0,0
807,6/17/2018,89,7488,1900,90,0,0
808,6/18/2018,86,8382,1900,90,0,0
809,6/19/2018,85,10452,1900,90,276,186
810,6/20/2018,90,9060,1900,90,2,0
811,6/21/2018,90,7902,1900,90,0,0
812,6/22/2018,91,7356,1900,90,0,0
813,6/23/2018,86,9600,1900,90,106,16
814,6/24/2018,86,8148,1900,90,0,0
815,6/25/2018,100,10122,1900,90,225,135
816,6/26/2018,85,9948,1900,90,175,85
817,6/27/2018,86,8070,1900,90,0,0
818,6/28/2018,82,9588,1900,90,100,10
819,6/29/2018,89,9510,1900,90,91,1
820,6/30/2018,90,7692,1900,90,0,0
821,7/1/2018,81,9240,1900,90,29,0
822,7/2/2018,80,10416,1900,90,264,174
823,7/3/2018,70,8694,1900,90,0,0
824,7/4/2018,60,8844,1900,90,0,0
825,7/5/2018,63,8544,1900,90,0,0
826,7/6/2018,71,9462,1900,90,64,0
827,7/7/2018,72,9420,1900,90,56,0
828,7/8/2018,78,8418,1900,90,0,0
829,7/9/2018,83,9336,1900,90,51,0
830,7/10/2018,78,9768,1900,90,132,42
831,7/11/2018,84,9348,1900,90,54,0
832,7/12/2018,80,10572,1900,90,295,205
833,7/13/2018,66,9300,1900,90,26,0
834,7/14/2018,66,10050,1900,90,176,86
835,7/15/2018,73,8742,1900,90,0,0
836,7/16/2018,70,9960,1900,90,162,72
837,7/17/2018,62,9210,1900,90,4,0
838,7/18/2018,65,9354,1900,90,36,0
839,7/19/2018,75,9378,1900,90,51,0
840,7/20/2018,72,7740,1900,90,0,0
841,7/21/2018,65,8550,1900,90,0,0
842,7/22/2018,62,6978,1900,90,0,0
843,7/23/2018,69,8148,1900,90,0,0
844,7/24/2018,69,9396,1900,90,49,0
845,7/25/2018,69,8586,1900,90,0,0
846,7/26/2018,78,8322,1900,90,0,0
847,7/27/2018,82,7872,1900,90,0,0
848,7/28/2018,77,7110,1900,90,0,0
849,7/29/2018,91,8376,1900,90,0,0
850,7/30/2018,92,8442,1900,90,0,0
851,7/31/2018,87,8394,1900,90,0,0
852,8/1/2018,75,9114,1900,90,0,0
853,8/2/2018,79,9024,1900,90,0,0
854,8/3/2018,77,9780,1900,90,133,43
855,8/4/2018,64,8946,1900,90,0,0
856,8/5/2018,61,9054,1900,90,0,0
857,8/6/2018,68,8322,1900,90,0,0
858,8/7/2018,69,9108,1900,90,0,0
859,8/8/2018,74,8676,1900,90,0,0
860,8/9/2018,75,7926,1900,90,0,0
861,8/10/2018,74,8406,1900,90,0,0
862,8/11/2018,59,7692,1900,90,0,0
863,8/12/2018,63,8070,1900,90,0,0
864,8/13/2018,64,8016,1900,90,0,0
865,8/14/2018,58,10146,1900,90,188,98
866,8/15/2018,53,8304,1900,90,0,0
867,8/16/2018,56,9648,1900,90,86,0
868,8/17/2018,62,7842,1900,90,0,0
869,8/18/2018,66,7470,1900,90,0,0
870,8/19/2018,75,9228,1900,90,21,0
871,8/20/2018,79,8304,1900,90,0,0
872,8/21/2018,71,9996,1900,90,171,81
873,8/22/2018,79,9354,1900,90,50,0
874,8/23/2018,83,9786,1900,90,141,51
875,8/24/2018,89,9072,1900,90,4,0
876,8/25/2018,82,9558,1900,90,94,4
877,8/26/2018,95,8712,1900,90,0,0
878,8/27/2018,90,9138,1900,90,18,0
879,8/28/2018,92,8652,1900,90,0,0
880,8/29/2018,80,8064,1900,90,0,0
881,8/30/2018,77,8244,1900,90,0,0
882,8/31/2018,87,9780,1900,90,143,53
883,9/1/2018,84,10644,1900,90,313,223
884,9/2/2018,83,10002,1900,90,184,94
885,9/3/2018,85,10656,1900,90,317,227
886,9/4/2018,80,9270,1900,90,34,0
887,9/5/2018,82,10752,1900,90,333,243
888,9/6/2018,88,9966,1900,90,182,92
889,9/7/2018,91,9336,1900,90,59,0
890,9/8/2018,85,8970,1900,90,0,0
891,9/9/2018,94,8622,1900,90,0,0
892,9/10/2018,102,7896,1900,90,0,0
893,9/11/2018,90,9504,1900,90,91,1
894,9/12/2018,91,9606,1900,90,113,23
895,9/13/2018,97,8010,1900,90,0,0
896,9/14/2018,100,7662,1900,90,0,0
897,9/15/2018,97,7746,1900,90,0,0
898,9/16/2018,93,9120,1900,90,17,0
899,9/17/2018,90,7680,1900,90,0,0
900,9/18/2018,89,8892,1900,90,0,0
901,9/19/2018,107,8040,1900,90,0,0
902,9/20/2018,116,8784,1900,90,0,0
903,9/21/2018,116,9108,1900,90,38,0
904,9/22/2018,102,9438,1900,90,90,0
905,9/23/2018,104,6420,1900,90,0,0
906,9/24/2018,104,8700,1900,90,0,0
907,9/25/2018,106,9228,1900,90,52,0
908,9/26/2018,104,8364,1900,90,0,0
909,9/27/2018,106,7800,1900,90,0,0
910,9/28/2018,114,7278,1900,90,0,0
911,9/29/2018,100,7224,1900,90,0,0
912,9/30/2018,102,7734,1900,90,0,0
913,10/1/2018,100,9456,1900,90,92,2
914,10/2/2018,89,9036,1900,90,0,0
915,10/3/2018,94,8592,1900,90,0,0
916,10/4/2018,93,10188,1900,90,231,141
917,10/5/2018,92,8964,1900,90,0,0
918,10/6/2018,77,7764,1900,90,0,0
919,10/7/2018,85,7518,1900,90,0,0
920,10/8/2018,93,9990,1900,90,191,101
921,10/9/2018,97,9870,1900,90,171,81
922,10/10/2018,97,7896,1900,90,0,0
923,10/11/2018,103,7302,1900,90,0,0
924,10/12/2018,106,7506,1900,90,0,0
925,10/13/2018,93,9318,1900,90,57,0
926,10/14/2018,99,8124,1900,90,0,0
927,10/15/2018,102,7194,1900,90,0,0
928,10/16/2018,97,9300,1900,90,57,0
929,10/17/2018,97,9834,1900,90,164,74
930,10/18/2018,100,8874,1900,90,0,0
931,10/19/2018,109,6852,1900,90,0,0
932,10/20/2018,98,6816,1900,90,0,0
933,10/21/2018,103,8832,1900,90,0,0
934,10/22/2018,102,7968,1900,90,0,0
935,10/23/2018,98,9468,1900,90,92,2
936,10/24/2018,90,7074,1900,90,0,0
937,10/25/2018,78,7512,1900,90,0,0
938,10/26/2018,81,7092,1900,90,0,0
939,10/27/2018,79,8766,1900,90,0,0
940,10/28/2018,87,7710,1900,90,0,0
941,10/29/2018,93,7662,1900,90,0,0
942,10/30/2018,82,7164,1900,90,0,0
943,10/31/2018,85,8502,1900,90,0,0
944,11/1/2018,77,9174,1900,90,12,0
945,11/2/2018,75,10140,1900,90,203,113
946,11/3/2018,70,7806,1900,90,0,0
947,11/4/2018,72,9168,1900,90,6,0
948,11/5/2018,75,7752,1900,90,0,0
949,11/6/2018,62,9132,1900,90,0,0
950,11/7/2018,57,7638,1900,90,0,0
951,11/8/2018,58,7188,1900,90,0,0
952,11/9/2018,66,7722,1900,90,0,0
953,11/10/2018,60,9150,1900,90,0,0
954,11/11/2018,67,8880,1900,90,0,0
955,11/12/2018,75,7614,1900,90,0,0
956,11/13/2018,63,8322,1900,90,0,0
957,11/14/2018,61,7614,1900,90,0,0
958,11/15/2018,66,7146,1900,90,0,0
959,11/16/2018,78,6558,1900,90,0,0
960,11/17/2018,71,6882,1900,90,0,0
961,11/18/2018,74,8610,1900,90,0,0
962,11/19/2018,88,9120,1900,90,12,0
963,11/20/2018,79,7200,1900,90,0,0
964,11/21/2018,72,8034,1900,90,0,0
965,11/22/2018,72,9060,1900,90,0,0
966,11/23/2018,73,6690,1900,90,0,0
967,11/24/2018,63,7812,1900,90,0,0
968,11/25/2018,74,7740,1900,90,0,0
969,11/26/2018,72,8046,1900,90,0,0
970,11/27/2018,81,6810,1900,90,0,0
971,11/28/2018,78,8598,1900,90,0,0
972,11/29/2018,78,7716,1900,90,0,0
973,11/30/2018,91,7518,1900,90,0,0
974,12/1/2018,72,9678,1900,90,108,18
975,12/2/2018,79,7812,1900,90,0,0
976,12/3/2018,88,9486,1900,90,86,0
977,12/4/2018,90,7896,1900,90,0,0
978,12/5/2018,85,8076,1900,90,0,0
979,12/6/2018,81,8220,1900,90,0,0
980,12/7/2018,84,8268,1900,90,0,0
981,12/8/2018,73,8292,1900,90,0,0
982,12/9/2018,74,6024,1900,90,0,0
983,12/10/2018,87,8616,1900,90,0,0
984,12/11/2018,88,6942,1900,90,0,0
985,12/12/2018,95,6516,1900,90,0,0
986,12/13/2018,101,8010,1900,90,0,0
987,12/14/2018,85,6552,1900,90,0,0
988,12/15/2018,72,6102,1900,90,0,0
989,12/16/2018,83,5850,1900,90,0,0
990,12/17/2018,94,8532,1900,90,0,0
991,12/18/2018,94,8238,1900,90,0,0
992,12/19/2018,100,8982,1900,90,0,0
993,12/20/2018,95,7620,1900,90,0,0
994,12/21/2018,106,5844,1900,90,0,0
995,12/22/2018,85,5904,1900,90,0,0
996,12/23/2018,76,6684,1900,90,0,0
997,12/24/2018,59,7392,1900,90,0,0
998,12/25/2018,58,7008,1900,90,0,0
999,12/26/2018,63,6744,1900,90,0,0
1000,12/27/2018,74,8316,1900,90,0,0
1001,12/28/2018,78,8652,1900,90,0,0
1002,12/29/2018,76,6006,1900,90,0,0
1003,12/30/2018,78,6120,1900,90,0,0
1004,12/31/2018,75,6318,1900,90,0,0
1005,1/1/2019,57,8382,1900,90,0,0
1006,1/2/2019,82,9672,1900,90,117,27
1007,1/3/2019,83,7404,1900,90,0,0
1008,1/4/2019,83,9240,1900,90,31,0
1009,1/5/2019,73,7746,1900,90,0,0
1010,1/6/2019,75,7266,1900,90,0,0
1011,1/7/2019,78,6798,1900,90,0,0
1012,1/8/2019,79,8952,1900,90,0,0
1013,1/9/2019,81,8934,1900,90,0,0
1014,1/10/2019,74,8454,1900,90,0,0
1015,1/11/2019,85,8544,1900,90,0,0
1016,1/12/2019,71,7824,1900,90,0,0
1017,1/13/2019,71,7002,1900,90,0,0
1018,1/14/2019,75,8118,1900,90,0,0
1019,1/15/2019,71,7152,1900,90,0,0
1020,1/16/2019,72,9240,1900,90,20,0
1021,1/17/2019,75,7332,1900,90,0,0
1022,1/18/2019,71,7254,1900,90,0,0
1023,1/19/2019,58,8166,1900,90,0,0
1024,1/20/2019,70,7440,1900,90,0,0
1025,1/21/2019,72,8430,1900,90,0,0
1026,1/22/2019,72,8196,1900,90,0,0
1027,1/23/2019,72,8850,1900,90,0,0
1028,1/24/2019,73,6258,1900,90,0,0
1029,1/25/2019,71,7284,1900,90,0,0
1030,1/26/2019,69,5760,1900,90,0,0
1031,1/27/2019,70,7512,1900,90,0,0
1032,1/28/2019,80,8994,1900,90,0,0
1033,1/29/2019,74,8532,1900,90,0,0
1034,1/30/2019,76,6354,1900,90,0,0
1035,1/31/2019,85,6276,1900,90,0,0
1036,2/1/2019,75,8292,1900,90,0,0
1037,2/2/2019,56,7512,1900,90,0,0
1038,2/3/2019,51,9012,1900,90,0,0
1039,2/4/2019,58,10710,1900,90,300,210
1040,2/5/2019,49,9204,1900,90,0,0
1041,2/6/2019,57,8994,1900,90,0,0
1042,2/7/2019,61,9984,1900,90,158,68
1043,2/8/2019,54,8226,1900,90,0,0
1044,2/9/2019,49,6924,1900,90,0,0
1045,2/10/2019,51,7566,1900,90,0,0
1046,2/11/2019,55,7656,1900,90,0,0
1047,2/12/2019,57,8508,1900,90,0,0
1048,2/13/2019,62,7302,1900,90,0,0
1049,2/14/2019,55,7086,1900,90,0,0
1050,2/15/2019,64,7002,1900,90,0,0
1051,2/16/2019,68,9036,1900,90,0,0
1052,2/17/2019,80,6126,1900,90,0,0
1053,2/18/2019,81,7764,1900,90,0,0
1054,2/19/2019,81,7638,1900,90,0,0
1055,2/20/2019,80,6972,1900,90,0,0
1056,2/21/2019,82,9480,1900,90,78,0
1057,2/22/2019,85,9318,1900,90,49,0
1058,2/23/2019,69,9042,1900,90,0,0
1059,2/24/2019,71,6384,1900,90,0,0
1060,2/25/2019,72,9324,1900,90,37,0
1061,2/26/2019,68,8568,1900,90,0,0
1062,2/27/2019,67,9522,1900,90,72,0
1063,2/28/2019,57,6762,1900,90,0,0
1064,3/1/2019,60,10608,1900,90,282,192
1065,3/2/2019,60,10620,1900,90,284,194
1066,3/3/2019,65,10026,1900,90,171,81
1067,3/4/2019,67,9906,1900,90,149,59
1068,3/5/2019,62,9312,1900,90,25,0
1069,3/6/2019,66,8112,1900,90,0,0
1070,3/7/2019,59,9684,1900,90,96,6
1071,3/8/2019,56,9018,1900,90,0,0
1072,3/9/2019,51,8826,1900,90,0,0
1073,3/10/2019,55,7254,1900,90,0,0
1074,3/11/2019,58,8394,1900,90,0,0
1075,3/12/2019,62,9348,1900,90,32,0
1076,3/13/2019,70,10536,1900,90,278,188
1077,3/14/2019,74,9120,1900,90,0,0
1078,3/15/2019,66,7944,1900,90,0,0
1079,3/16/2019,55,9906,1900,90,137,47
1080,3/17/2019,66,8616,1900,90,0,0
1081,3/18/2019,69,7608,1900,90,0,0
1082,3/19/2019,74,9768,1900,90,128,38
1083,3/20/2019,75,10080,1900,90,191,101
1084,3/21/2019,77,9660,1900,90,109,19
1085,3/22/2019,71,8742,1900,90,0,0
1086,3/23/2019,68,7386,1900,90,0,0
1087,3/24/2019,75,9294,1900,90,34,0
1088,3/25/2019,83,8724,1900,90,0,0
1089,3/26/2019,78,10008,1900,90,180,90
1090,3/27/2019,85,7446,1900,90,0,0
1091,3/28/2019,88,9996,1900,90,188,98
1092,3/29/2019,91,8076,1900,90,0,0
1093,3/30/2019,83,7356,1900,90,0,0
1094,3/31/2019,90,7134,1900,90,0,0
1095,4/1/2019,85,11850,1900,90,555,465
1096,4/2/2019,81,10920,1900,90,365,275
1097,4/3/2019,79,11328,1900,90,445,355
1098,4/4/2019,75,10260,1900,90,227,137
1099,4/5/2019,67,9444,1900,90,56,0
1100,4/6/2019,57,9900,1900,90,137,47
1101,4/7/2019,67,8034,1900,90,0,0
1102,4/8/2019,80,9786,1900,90,138,48
1103,4/9/2019,70,10050,1900,90,180,90
1104,4/10/2019,68,10638,1900,90,296,206
1105,4/11/2019,68,9036,1900,90,0,0
1106,4/12/2019,71,8256,1900,90,0,0
1107,4/13/2019,65,9264,1900,90,18,0
1108,4/14/2019,70,7188,1900,90,0,0
1109,4/15/2019,71,10746,1900,90,321,231
1110,4/16/2019,71,8286,1900,90,0,0
1111,4/17/2019,73,9072,1900,90,0,0
1112,4/18/2019,81,9522,1900,90,86,0
1113,4/19/2019,81,9312,1900,90,44,0
1114,4/20/2019,77,10008,1900,90,179,89
1115,4/21/2019,78,9588,1900,90,96,6
1116,4/22/2019,81,8058,1900,90,0,0
1117,4/23/2019,89,10218,1900,90,233,143
1118,4/24/2019,91,10692,1900,90,330,240
1119,4/25/2019,82,8862,1900,90,0,0
1120,4/26/2019,80,8532,1900,90,0,0
1121,4/27/2019,79,8670,1900,90,0,0
1122,4/28/2019,80,7314,1900,90,0,0
1123,4/29/2019,80,9192,1900,90,19,0
1124,4/30/2019,76,10296,1900,90,236,146
1125,5/1/2019,69,10494,1900,90,268,178
1126,5/2/2019,70,9606,1900,90,92,2
1127,5/3/2019,74,11742,1900,90,523,433
1128,5/4/2019,66,11334,1900,90,433,343
1129,5/5/2019,75,10044,1900,90,184,94
1130,5/6/2019,67,10464,1900,90,260,170
1131,5/7/2019,78,10944,1900,90,367,277
1132,5/8/2019,80,10368,1900,90,254,164
1133,5/9/2019,76,9648,1900,90,106,16
1134,5/10/2019,80,10638,1900,90,308,218
1135,5/11/2019,69,8454,1900,90,0,0
1136,5/12/2019,78,8040,1900,90,0,0
1137,5/13/2019,82,10698,1900,90,322,232
1138,5/14/2019,81,9480,1900,90,77,0
1139,5/15/2019,81,9528,1900,90,87,0
1140,5/16/2019,81,10866,1900,90,355,265
1141,5/17/2019,88,8790,1900,90,0,0
1142,5/18/2019,72,10524,1900,90,277,187
1143,5/19/2019,78,8316,1900,90,0,0
1144,5/20/2019,84,9102,1900,90,5,0
1145,5/21/2019,66,8664,1900,90,0,0
1146,5/22/2019,76,9480,1900,90,72,0
1147,5/23/2019,86,8544,1900,90,0,0
1148,5/24/2019,81,8814,1900,90,0,0
1149,5/25/2019,76,9846,1900,90,146,56
1150,5/26/2019,83,9882,1900,90,160,70
1151,5/27/2019,77,8790,1900,90,0,0
